D 1
F 2
M 3
S 4
sd
6.393628 
sf
2827.036348 2995.352031 
sm
925.270852 848.370617 828.021790 
ss
189.814447 163.356426 153.810236 195.078890 
cd
9.981841 8.234657 
cf
3.950316 16.954863 18.869594 
11.742302 3.081149 11.761834 
cm
19.843135 31.905271 13.966491 9.107944 
31.486557 25.614795 25.436567 1.362346 
1.363567 36.127812 33.228553 20.698874 
ud
931.119724 
uf
3163.982055 2808.374279 
um
1349.693289 1170.964690 1381.859798 
p
266.154973 164.662618 415.036470 352.632221 
xdMin
1524.330882 2044.068728 1530.182806 2069.154942 
xfMin
462.640767 650.999481 489.834284 638.670003 466.756188 631.455428 
497.367779 555.909909 485.729545 663.475448 462.070070 629.947813 
xmMin
8.403272 36.712241 16.584521 55.273446 5.279702 46.799829 10.307627 35.715659 
11.899930 55.619526 4.546495 37.025208 4.487747 53.726768 23.060549 25.560778 
18.538469 32.675710 21.864986 50.678274 0.060274 54.500107 16.071810 59.440291 
