D 1
F 2
M 3
S 4
sd
5070.284127 
sf
2711.456648 3097.015290 
sm
871.389508 874.305551 823.304544 
ss
196.327097 184.408094 187.498093 197.682119 
cd
5.885495 14.081240 
cf
10.323801 1.799982 16.913358 
6.451003 12.687765 0.980255 
cm
20.866115 6.115909 0.625019 37.862484 
29.228187 29.788507 32.479019 6.279489 
14.314402 36.716208 25.524461 4.476455 
ud
1112.289804 
uf
2515.829951 2846.528520 
um
1061.891537 1172.234260 1352.256844 
p
255.131687 424.997711 207.400739 290.240181 
xdMin
1516.661580 2018.265328 1510.490738 2245.094150 
xfMin
466.949980 645.139927 490.310373 579.909665 496.063112 518.976409 
454.411451 512.933744 468.247017 673.656423 487.992492 535.486923 
xmMin
0.334941 28.954283 23.628956 53.078402 3.527177 33.983123 3.740806 34.783166 
3.131199 49.304636 8.074435 45.054476 11.767174 37.127750 24.020356 58.665883 
18.089084 36.100192 3.445540 29.183935 2.043977 31.685537 7.660146 52.647938 
