D 4
F 3
M 2
S 5
sd
25.000000;30.000000;35.000000;45.000000;
sf
50.000000;60.000000;25.000000;
sm
70.000000;60.000000;
ss
50.000000;25.000000;30.000000;35.000000;10.000000;
cd
5.000000;10.000000;15.000000;
10.000000;5.000000;15.000000;
15.000000;10.000000;5.000000;
5.000000;15.000000;10.000000;
cf
5.000000;10.000000;
10.000000;5.000000;
5.000000;5.000000;
cm
2.000000;4.000000;8.000000;10.000000;12.000000;
10.000000;2.000000;12.000000;8.000000;4.000000;
ud
3.000000;6.000000;9.000000;3.000000;
uf
4.000000;5.000000;6.000000;
um
2.000000;4.000000;
p
15.000000;20.000000;2.000000;5.000000;10.000000;
xdminmax
4.000000;6.000000;
9.000000;11.000000;
9.000000;11.000000;
9.000000;11.000000;
9.000000;11.000000;
9.000000;11.000000;
14.000000;16.000000;
14.000000;16.000000;
4.000000;6.000000;
14.000000;16.000000;
14.000000;16.000000;
14.000000;16.000000;
xfminmax
24.000000;26.000000;
19.000000;21.000000;
24.000000;26.000000;
24.000000;26.000000;
9.000000;11.000000;
14.000000;16.000000;
xmminmax
9.000000;11.000000;
19.000000;21.000000;
9.000000;11.000000;
9.000000;11.000000;
9.000000;11.000000;
39.000000;41.000000;
4.000000;6.000000;
4.000000;6.000000;
9.000000;11.000000;
0.000000;1.000000;
